2177 2064 9180
2782 2045 7838
9973 1619 8263
9844 1593 6933
5165 1680 8128
1240 2180 6917
2775 1946 8403
5869 1149 7537
9629 1791 8025
4720 1834 7517
694 2067 8103
4698 1280 7146
507 1811 7781
9816 1829 8613
798 2136 8169
410 1973 8062
471 1963 7843
4097 1987 8029
904 1964 7895
9807 1754 7798
7028 1239 7919
4491 486 8385
4958 1159 7496
4673 1520 7686
4631 1068 7372
6423 1919 8219
6828 1251 6970
5964 1166 7350
6828 1504 6883
5454 734 8101
4778 1819 7623
5560 741 7465
5301 1210 7548
8151 2368 8450
7059 1951 7514
5842 969 6386
5843 865 8160
5185 1241 6790
5501 995 8191
5075 1200 7708
8308 1106 8664
4644 1442 6758
5225 1629 8701
6303 1275 7856
8616 1483 9470
7877 1628 7507
5881 646 8670
5642 2446 7576
5214 968 8356
5085 849 7525
5013 1130 7990
6124 848 6802
5674 1188 8505
8613 1219 6655
6159 979 8661
5831 1042 6415
4904 1436 7845
5212 1176 6862
7238 460 7934
6835 619 7533
5279 1209 8242
8403 732 9035
6561 832 7498
6322 627 7457
5636 980 6965
6406 1085 8240
5391 1189 6431
6858 1205 8599
7218 1251 6721
5878 1943 7931
6125 280 7270
5827 1254 8955
934 2210 7305
6854 1573 8323
7365 986 7832
6554 1416 8165
7904 1648 6827
8579 2177 8646
9209 1551 7048
8070 743 7165
7452 987 7090
3087 1969 6918
91 2001 7980
6006 1161 6867
8895 1359 8243
8726 1753 6302
9152 1673 8268
7723 683 6864
7099 399 8481
7628 690 7127
9259 310 8317
8897 1916 8834
8357 954 8480
8979 1433 7671
8420 977 8679
1186 2188 6728
7513 2146 8451
8826 1515 6559
5811 787 8551
8083 1246 6629
