7397 0.188540604641115 15718581
7398 0.120662147481024 13014573
966 4.99999999998835e-05 211177
7398 0.114632757175051 10686056
7398 0.229850102178349 13054554
7397 0.160083820427661 9515789
7398 0.204943536868218 9756949
4015 0.000111803398877907 228059
7398 0.138686092930446 15100522
7398 0.155314100592848 10611615
5618 1.10999123714767 2864012
2545 0.000180000000000291 105430
7393 0.170772311125888 9206731
1706 1.61847499196529 5560675
6156 0.717941243874399 4216776
5227 1.18790532837782 3888195
2766 0.0135078333801051 178825
4847 1.23809576801271 4653028
2770 0 182076
5227 1.72630997938713 7831317
4863 0.000624403065092068 812875
5227 1.69237774074087 8100625
5227 1.5672324049874 7444710
5227 1.26886313506551 5198576
6873 0.0156883793211699 498346
5227 1.52663786589661 6814739
5227 1.94124926656176 9459376
5227 1.76078563966428 10371362
5227 1.52503649109508 6702914
1717 2.30047347437988 14096503
3730 1.69580910002734 11926575
3731 1.55592301025579 12251448
3721 1.65766361435009 11623286
1717 1.90401919846306 9491898
1717 1.67589010592001 12017875
3723 0.0411006444787808 278137
4806 0.00794319834827238 127222
3730 2.26066083851818 15308684
4970 0.000308058436011052 120519
3741 1.82118798744812 17065087
6871 9.99999999962142e-06 125205
1894 2.35412942469387 17215884
3730 2.05465887541777 13780149
353 0.00805657622851534 267638
1310 0.000223606797743103 128021
3731 0.987684470195642 5938746
2912 2.00000000010192e-05 204101
1345 0.00348914029526226 120925
281 0.000948683298051954 124845
1894 2.56809198751207 17011267
4973 1.99999999992428e-05 113891
1894 2.18241674884391 16465534
3730 1.75358766232565 15538429
1894 2.76439365817583 16960351
4954 0.000107703296138943 143101
2902 1.50616354627244 10567738
3730 2.41451010999212 15600688
5004 0.000156204993520862 112728
3730 2.35463388112919 15842536
4902 1.00000000005096e-05 120674
1717 1.77788862105817 13485999
4806 0.0112135810515632 110396
1741 0.176680021783742 2032092
3742 0.771319849673165 6918017
2866 0.000513275357935349 270451
4918 0.000427200187265193 112106
3732 2.5468470223705 16129935
4970 0.000101980390268169 112862
4914 0 111305
1717 2.01214888616892 10695806
4821 0.00387450992820935 215770
3730 2.28459737265691 17571258
4986 9.99999999962142e-06 120792
1894 2.7314656291127 16558892
6865 9.99999999997669e-05 143819
1894 2.50962173302545 16501331
6865 4.99999999998835e-05 110119
3730 1.84999048569396 12870363
473 0.00225594481720496 2211246
2084 0.00161576041253781 1191407
5783 0.684096344383723 11401496
5764 0.693189939467971 14258362
2088 0.0277422182294148 774524
5760 0.474024687886676 6300935
5764 0.379709239519314 11023238
5766 3.34375524717337 15070820
5764 0.386047442370025 9879954
